user1@node1:/mnt/storage/user1/oltpbench/results$ cat outputfile.res
time(sec), throughput(req/sec), avg_lat(ms), min_lat(ms), 25th_lat(ms), median_lat(ms), 75th_lat(ms), 90th_lat(ms), 95th_lat(ms), 99th_lat(ms), max_lat(ms), tp (req/s) scaled
0,531.200,18.831,0.726,6.030,16.745,24.317,36.265,51.171,111.978,150.878,0.053
5,642.000,15.577,0.526,6.426,16.667,17.321,25.832,35.005,67.330,117.114,0.064
10,476.600,20.954,0.683,7.446,16.728,23.955,39.479,58.531,150.985,326.148,0.048
15,409.000,24.566,0.535,7.976,16.702,21.504,34.364,141.907,175.166,217.602,0.041
20,366.400,27.456,0.646,7.875,16.678,22.125,58.188,142.373,216.831,342.180,0.036
25,355.400,28.192,0.650,8.492,16.723,24.649,42.032,159.227,250.502,317.020,0.035
30,329.000,29.957,0.503,8.268,16.707,23.795,50.551,158.692,425.527,499.758,0.033
35,346.800,28.864,0.357,8.319,16.745,24.433,41.669,175.396,271.861,417.324,0.035
40,343.600,29.320,0.680,8.198,16.754,25.325,67.265,149.326,183.501,229.336,0.034
45,371.000,28.606,0.403,8.003,16.664,22.035,41.577,133.828,400.092,717.070,0.035
50,291.200,31.922,0.525,8.439,16.708,23.035,50.919,191.719,348.073,400.647,0.031
55,1197.400,8.350,0.275,0.493,0.873,1.354,11.659,22.305,189.075,797.210,0.120
60,1320.000,7.687,0.265,0.452,0.831,1.147,3.171,16.919,167.225,1408.687,0.130
65,1529.800,6.425,0.308,0.536,0.903,1.232,3.105,16.805,173.270,577.492,0.156
70,1602.600,6.403,0.336,0.562,0.963,1.331,3.923,16.878,167.047,699.695,0.156
75,1964.600,5.238,0.320,0.588,0.976,1.406,6.457,16.648,148.597,491.662,0.191
80,1840.000,5.148,0.413,0.650,1.061,1.501,4.359,16.742,121.061,491.855,0.194
85,2057.600,4.990,0.354,0.587,0.967,1.335,3.317,17.566,136.196,432.762,0.200
90,1559.200,6.325,0.356,0.570,0.959,1.308,3.422,17.217,148.865,1108.978,0.158
95,2564.800,3.815,0.362,0.590,0.995,1.391,5.624,16.851,64.615,209.194,0.262
100,2701.600,3.713,0.355,0.576,0.976,1.376,5.911,16.390,42.639,255.217,0.269
105,2661.600,3.403,0.290,0.591,0.995,1.416,6.284,16.337,33.018,269.855,0.294
110,2776.600,3.639,0.333,0.591,0.996,1.406,3.816,16.040,45.609,370.255,0.275
115,3231.200,3.045,0.288,0.559,0.988,1.367,2.937,12.547,29.067,275.949,0.328
120,1035.400,10.059,0.316,0.756,1.055,2.711,17.381,26.110,228.547,777.321,0.099
125,339.600,28.226,0.591,7.144,16.938,23.502,42.960,156.200,317.431,443.057,0.035
130,414.200,24.138,0.428,1.840,6.124,17.279,42.334,150.926,366.875,418.323,0.041
135,425.800,23.496,0.444,1.832,7.038,16.999,34.000,167.389,349.609,375.303,0.043
140,276.800,37.058,0.608,8.829,16.927,25.202,58.493,199.825,467.419,576.296,0.027
145,324.800,30.333,0.440,8.263,16.805,24.471,39.228,173.051,334.160,401.040,0.033
150,273.400,36.260,0.313,8.198,16.784,25.160,58.300,217.015,428.820,575.556,0.028
155,384.400,25.925,0.359,8.562,16.785,24.767,41.861,91.754,225.400,392.325,0.039
160,360.000,27.810,0.430,8.606,16.740,23.135,40.498,100.558,274.319,442.134,0.036
165,369.600,27.745,0.330,8.811,16.790,24.945,42.095,150.032,233.809,408.650,0.036
170,339.800,29.508,0.397,7.476,16.722,24.720,50.280,150.422,305.303,392.857,0.034
175,351.400,27.658,0.326,6.480,16.694,22.558,41.827,167.017,275.150,433.984,0.036
180,278.200,35.885,0.645,7.950,16.795,25.473,64.813,200.588,375.455,416.907,0.028
185,376.400,26.565,0.306,3.918,16.247,17.206,42.450,167.070,328.521,484.120,0.038
190,339.800,29.563,0.415,8.063,16.735,24.828,42.229,125.370,267.117,608.778,0.034
195,365.200,27.442,0.347,7.715,16.673,24.870,55.010,142.517,216.345,242.088,0.036
200,337.600,29.394,0.466,8.676,16.804,25.258,50.447,159.878,225.558,274.824,0.034
205,400.400,25.405,0.521,7.624,16.674,20.680,33.571,64.734,233.196,383.475,0.039
210,321.800,33.391,0.616,8.581,16.749,25.063,42.779,175.955,283.652,908.585,0.030
215,330.800,27.454,0.652,8.847,16.761,23.965,41.476,90.432,242.003,375.196,0.036
220,334.600,29.889,0.374,8.463,16.728,24.680,50.341,158.784,233.965,683.730,0.033
225,357.200,28.529,0.572,8.620,16.725,24.197,42.184,142.091,325.160,408.829,0.035
230,306.000,32.124,0.444,14.902,16.942,33.725,58.876,117.038,200.354,359.033,0.031
235,211.600,47.310,0.617,10.819,23.792,57.991,92.232,208.030,350.208,467.087,0.021
240,357.200,28.750,0.413,4.814,16.527,24.604,51.027,175.421,215.931,301.115,0.035
245,289.000,33.537,0.434,8.772,16.756,24.656,49.703,150.133,409.621,832.560,0.030
250,303.600,32.938,0.597,8.935,16.760,24.349,66.063,185.406,275.482,442.107,0.030
255,332.800,30.058,0.425,8.760,16.741,22.706,42.410,184.777,233.722,268.044,0.033
260,348.400,29.255,0.533,8.520,16.724,22.125,50.292,182.805,257.997,442.195,0.034
265,349.400,28.055,0.424,7.987,16.688,17.265,34.348,167.071,367.285,601.287,0.036
270,319.400,32.292,0.704,8.899,16.764,24.456,58.522,183.953,249.873,575.822,0.031
275,283.400,34.155,0.632,8.351,16.742,22.652,41.312,191.300,621.673,674.198,0.029
280,345.800,29.274,0.678,8.643,16.697,22.742,41.801,115.433,375.956,457.458,0.034
285,343.400,29.233,0.596,8.336,16.721,24.200,49.827,156.378,225.834,716.892,0.034
290,329.600,29.817,0.447,8.946,16.763,24.922,58.802,159.256,226.139,237.788,0.034
295,334.400,31.096,0.538,8.665,16.735,19.298,49.867,175.734,399.764,1011.333,0.032
300,311.800,30.813,0.388,8.141,16.704,24.772,59.257,158.022,292.172,566.921,0.032
305,361.400,27.759,0.414,3.473,16.455,20.552,41.436,142.196,297.705,517.526,0.036
310,388.600,26.972,0.304,1.796,5.227,16.695,33.157,66.514,385.455,1017.933,0.037
315,262.400,37.063,0.498,7.174,16.708,24.949,75.536,173.900,402.237,583.801,0.027
320,316.200,30.848,0.545,8.070,16.701,24.238,50.813,169.353,321.286,450.001,0.032
325,341.000,30.457,0.404,8.045,16.697,25.009,49.648,183.051,283.138,350.663,0.033
330,316.600,31.758,0.355,7.773,16.687,24.920,49.605,167.094,375.537,458.938,0.031
335,436.000,21.917,0.359,2.004,9.057,16.926,32.975,58.713,234.111,575.337,0.046
340,375.000,26.636,0.322,1.839,6.557,16.651,25.138,148.056,388.835,875.512,0.038
345,230.000,43.512,0.439,3.188,16.174,17.254,99.247,334.235,483.574,634.318,0.023
350,298.800,33.766,0.571,3.807,16.645,31.078,75.034,175.681,299.830,317.524,0.030
355,361.000,28.925,0.408,7.989,16.650,17.267,34.103,158.738,329.348,383.734,0.035
360,273.200,34.782,0.427,8.298,16.778,25.432,55.761,183.399,350.604,400.540,0.029
365,304.800,33.516,0.656,5.298,16.548,24.489,66.539,167.437,433.635,600.302,0.030
370,206.600,48.760,0.402,8.423,16.852,41.222,75.152,255.980,541.968,675.446,0.021
375,289.000,34.260,0.568,7.735,16.656,24.404,58.111,184.085,398.624,559.681,0.029
380,279.400,34.973,0.410,8.627,16.734,25.280,50.553,158.294,467.232,675.409,0.029
385,234.400,42.739,0.654,9.866,19.109,43.218,92.939,191.826,360.226,468.082,0.023
390,256.200,38.982,0.641,8.904,17.658,34.889,89.284,184.032,342.958,418.872,0.026
395,287.600,35.213,0.595,11.125,17.431,26.203,50.528,209.512,325.794,415.449,0.028
400,336.400,30.402,0.501,7.939,17.041,25.515,51.195,175.470,308.485,342.275,0.033
405,345.400,27.922,0.452,8.250,17.052,25.125,42.005,142.137,358.996,409.548,0.036
410,332.800,30.018,0.485,8.970,16.993,25.523,50.129,183.259,258.828,292.659,0.033
415,262.600,38.114,0.438,8.988,17.100,25.787,67.065,200.058,392.495,517.468,0.026
420,288.800,36.068,0.367,8.788,17.076,33.350,66.711,168.388,348.263,369.224,0.028
425,286.000,35.106,0.518,8.997,16.990,25.626,58.516,158.033,417.439,458.507,0.028
430,239.000,40.176,0.588,6.335,16.907,25.018,50.895,226.034,483.506,535.118,0.025
435,325.600,30.651,0.471,2.871,14.805,17.671,46.243,175.370,383.788,480.377,0.033
440,263.000,37.926,0.555,1.866,7.921,17.467,58.927,201.949,542.234,916.513,0.026
445,289.000,34.507,0.346,6.955,16.728,24.853,41.901,176.263,458.503,542.514,0.029
450,313.200,31.929,0.341,6.080,16.785,25.355,50.912,166.463,358.159,459.244,0.031
455,279.800,36.552,0.341,8.547,16.743,24.975,50.346,192.377,475.107,516.640,0.027
460,280.600,34.845,0.736,9.825,16.845,25.635,58.654,157.155,408.215,558.914,0.029
465,285.200,36.733,0.347,7.852,16.730,25.107,50.666,175.392,416.672,692.239,0.027
470,281.000,34.855,0.497,8.880,16.838,25.156,50.090,90.312,434.019,642.610,0.029
475,285.000,34.069,0.599,9.645,16.837,25.708,75.415,158.466,256.971,559.883,0.029
480,278.000,36.037,0.605,8.148,16.838,32.566,66.905,183.576,325.370,575.547,0.028
485,303.000,33.130,0.646,7.437,16.737,24.831,49.658,192.722,338.345,418.770,0.030
490,333.600,30.792,0.371,3.023,16.546,22.564,49.905,166.500,375.717,618.337,0.032
495,236.800,41.882,0.435,8.521,16.706,21.270,50.533,182.475,1004.892,1291.611,0.024
500,341.800,28.640,0.498,3.449,16.527,24.960,57.612,158.846,249.833,467.242,0.035
505,317.600,31.416,0.450,7.636,16.715,24.847,66.507,166.478,300.745,359.514,0.032
510,299.200,33.593,0.529,8.366,16.776,25.249,50.081,175.847,367.080,482.256,0.030
515,323.000,30.789,0.392,6.910,16.676,24.970,36.594,157.538,392.555,666.993,0.032
520,316.600,31.534,0.577,8.740,16.803,25.076,58.046,158.375,383.843,574.856,0.032
525,304.600,33.292,0.436,8.618,16.747,25.042,49.896,174.826,233.783,842.945,0.030
530,281.400,35.061,0.534,8.879,16.860,25.219,74.071,174.852,300.790,508.641,0.029
535,216.800,46.263,0.668,14.655,25.208,58.547,99.578,183.625,266.805,334.287,0.022
540,286.000,36.729,0.674,8.209,16.761,25.226,58.686,175.549,458.431,624.974,0.027
545,303.800,31.502,0.581,8.849,16.754,24.811,41.769,138.852,367.197,1007.377,0.032
550,298.400,33.350,0.577,8.775,16.769,24.727,50.588,183.334,400.560,450.625,0.030
555,354.400,29.469,0.595,4.008,16.546,24.363,49.910,187.128,325.625,358.312,0.034
560,382.600,24.977,0.351,2.005,7.437,16.959,39.890,83.498,435.659,709.289,0.040
565,324.400,30.619,0.332,1.934,7.093,16.763,34.361,158.980,673.082,843.623,0.033
570,310.200,32.277,0.325,2.406,13.809,24.114,66.136,189.224,375.899,485.107,0.031
575,338.800,30.837,0.545,8.451,16.707,24.199,42.099,175.061,242.436,571.489,0.032
580,330.800,30.974,0.523,8.582,16.733,23.815,41.776,175.347,383.815,533.417,0.032
585,309.000,30.117,0.367,8.294,16.751,24.694,50.086,174.775,260.997,367.089,0.033
590,215.200,47.557,0.604,7.759,16.806,25.338,105.694,208.465,816.500,1024.629,0.021
595,294.000,32.691,0.449,8.807,16.780,25.030,58.813,182.593,359.066,417.554,0.031